import numpy as np
from mpl_toolkits.mplot3d import Axes3D
import matplotlib.pyplot as plt
a=np.array([0.000000E+00,3.976666E+00,7.953333E+00,1.193000E+01,1.590667E+01,
1.988333E+01,2.386000E+01,2.783666E+01,3.181333E+01,3.578999E+01,
3.976666E+01,4.374332E+01,4.771999E+01,5.169666E+01,5.567332E+01,
5.964999E+01,6.362665E+01,6.760332E+01,7.157999E+01,7.555666E+01,
7.953333E+01,8.350999E+01,8.748666E+01,9.146333E+01,9.544000E+01,
9.941667E+01,1.033933E+02,1.073700E+02,1.113467E+02,1.153233E+02,
1.193000E+02,1.232767E+02,1.272534E+02,1.312300E+02,1.353880E+02,
1.395460E+02,1.437040E+02,1.478620E+02,1.520200E+02,1.545600E+02,
1.580100E+02,1.619567E+02,1.659033E+02,1.698500E+02,1.724250E+02,
1.750000E+02,1.788428E+02,1.826857E+02,1.865285E+02,1.903714E+02,
1.942142E+02,1.980571E+02,2.019000E+02,2.062900E+02,2.106800E+02,
2.150700E+02,2.194600E+02,2.238500E+02,2.326625E+02,2.414750E+02,
2.502875E+02,2.591000E+02,2.630898E+02,2.670796E+02,2.710694E+02,
2.750592E+02,2.790490E+02,2.830388E+02,2.870287E+02,2.910185E+02,
2.950083E+02,2.989981E+02,3.029879E+02,3.069777E+02,3.109675E+02,
3.149573E+02,3.189471E+02,3.229369E+02,3.269267E+02,3.309165E+02,
3.349063E+02,3.388961E+02,3.428860E+02,3.468758E+02,3.508656E+02,
3.548554E+02,3.588452E+02,3.628350E+02,3.668248E+02,3.708146E+02,
3.748044E+02,3.787942E+02,3.827840E+02,3.867738E+02,3.907636E+02,
3.947534E+02,3.987433E+02,4.027331E+02,4.067229E+02,4.107127E+02,
4.147025E+02,4.186923E+02,4.226821E+02,4.266719E+02,4.306617E+02,
4.346515E+02,4.386413E+02,4.426311E+02,4.466209E+02,4.506107E+02,
4.546006E+02,4.585904E+02,4.625802E+02,4.665700E+02,4.705600E+02,
4.748400E+02,4.791200E+02,4.834000E+02,4.876800E+02,4.921500E+02,
4.966200E+02,5.010900E+02,5.055600E+02,5.105400E+02,5.111395E+02,
5.151588E+02,5.191781E+02,5.231973E+02,5.269899E+02,5.307825E+02,
5.315505E+02,5.334000E+02,5.389644E+02,5.405600E+02,5.439788E+02,
5.473976E+02,5.515600E+02,5.557224E+02,5.598847E+02,5.640471E+02,
5.682094E+02,5.723718E+02,5.765341E+02,5.806965E+02,5.841205E+02,
5.875445E+02,5.919768E+02,5.964091E+02,6.008415E+02,6.045161E+02,
6.081907E+02,6.118654E+02,6.155400E+02,6.192147E+02,6.248400E+02,
6.281000E+02,6.313600E+02,6.358891E+02,6.398367E+02,6.437842E+02,
6.477318E+02,6.516794E+02,6.556270E+02,6.595745E+02,6.635221E+02,
6.674697E+02,6.714172E+02,6.753648E+02,6.793124E+02,6.832600E+02,
6.873067E+02,6.913534E+02,6.954000E+02,7.033604E+02,7.113207E+02,
7.192810E+02,7.272413E+02,7.352017E+02,7.431620E+02,7.511223E+02,
7.590826E+02,7.670430E+02,7.750032E+02,7.833113E+02,7.916195E+02,
7.999277E+02,8.082358E+02,8.165440E+02,8.199706E+02,8.205600E+02,
8.293100E+02,8.380600E+02,8.468100E+02,8.555600E+02,8.627451E+02,
8.717235E+02,8.807020E+02,8.905600E+02,8.980493E+02,9.055385E+02,
9.149604E+02,9.243824E+02,9.321771E+02,9.399717E+02,9.477663E+02,
9.522096E+02,9.595159E+02,9.668221E+02,9.741284E+02,9.814346E+02,
9.856783E+02,9.912073E+02,9.980859E+02,1.004965E+03,1.014558E+03,
1.021209E+03,1.027860E+03,1.036510E+03,1.045160E+03,1.053810E+03,
1.062460E+03,1.071110E+03,1.079760E+03,1.084444E+03,1.092050E+03,
1.099657E+03,1.107264E+03,1.114870E+03,1.122477E+03,1.128790E+03,
1.135103E+03,1.144470E+03,1.152241E+03,1.160012E+03,1.167783E+03,
1.175554E+03,1.184376E+03,1.193199E+03,1.200887E+03,1.208575E+03,
1.216262E+03,1.223950E+03,1.231638E+03,1.239326E+03,1.247014E+03,
1.255219E+03,1.263425E+03,1.271630E+03,1.279836E+03,1.288042E+03,
1.295400E+03,1.303543E+03,1.311686E+03,1.319828E+03,1.327135E+03,
1.334441E+03,1.341747E+03,1.349054E+03,1.356360E+03,1.364602E+03,
1.372845E+03,1.379970E+03,1.387095E+03,1.394220E+03,1.401659E+03,
1.409098E+03,1.416537E+03,1.423976E+03,1.431415E+03,1.440301E+03,
1.449186E+03,1.458072E+03,1.466957E+03,1.476488E+03,1.485948E+03,
1.493057E+03,1.500167E+03,1.507276E+03,1.513284E+03,1.519292E+03,
1.528886E+03,1.538480E+03,1.546575E+03,1.554670E+03,1.562765E+03,
1.570860E+03,1.578955E+03,1.587050E+03,1.595145E+03,1.603240E+03,
1.611335E+03,1.619430E+03,1.627525E+03,1.635620E+03,1.636218E+03,
1.644056E+03,1.651894E+03,1.659731E+03,1.667569E+03,1.675406E+03,
1.683244E+03,1.691082E+03,1.698919E+03,1.706757E+03,1.714595E+03,
1.722432E+03,1.730270E+03,1.738108E+03,1.745945E+03,1.753783E+03,
1.761621E+03,1.769458E+03,1.777296E+03,1.785134E+03,1.792971E+03,
1.800692E+03,1.808413E+03,1.816134E+03,1.823855E+03,1.831576E+03,
1.839297E+03,1.847018E+03,1.854739E+03,1.862460E+03,1.866006E+03,
1.869552E+03,1.873822E+03,1.878091E+03,1.882361E+03,1.886630E+03,
1.890900E+03,1.895337E+03,1.899774E+03,1.903551E+03,1.907328E+03,
1.911106E+03,1.914883E+03,1.918660E+03,1.920240E+03,1.922272E+03,
1.924304E+03,1.926336E+03,1.928368E+03,1.930400E+03,1.932432E+03,
1.934464E+03,1.936496E+03,1.938528E+03,1.940560E+03,1.942592E+03,
1.944624E+03,1.946656E+03,1.948688E+03,1.950720E+03,1.952752E+03,
1.954784E+03,1.956816E+03,1.958848E+03,1.960880E+03,1.962912E+03,
1.964944E+03,1.966976E+03,1.969008E+03,1.971040E+03,1.973072E+03,
1.975104E+03,1.977135E+03,1.979167E+03,1.981200E+03,1.982100E+03,
1.983000E+03,1.983900E+03,1.984800E+03,1.985700E+03,1.995303E+03,
2.004906E+03,2.014510E+03,2.024113E+03,2.033716E+03,2.043319E+03,
2.055458E+03,2.067596E+03,2.072640E+03,2.081784E+03,2.090928E+03,
2.100072E+03,2.109216E+03,2.118360E+03,2.122336E+03,2.126311E+03,
2.130287E+03,2.134262E+03,2.138238E+03,2.142214E+03,2.146189E+03,
2.150165E+03,2.154140E+03,2.158116E+03,2.162092E+03,2.166067E+03,
2.170043E+03,2.174018E+03,2.177994E+03,2.181969E+03,2.185945E+03,
2.189921E+03,2.193896E+03,2.197872E+03,2.201847E+03,2.205823E+03,
2.209800E+03])
b=np.array([0.000000E+00,1.608403E-03,3.216806E-03,4.825210E-03,6.433613E-03,
8.042016E-03,9.650420E-03,1.125882E-02,1.286723E-02,1.447563E-02,
1.608403E-02,1.761164E-02,1.928342E-02,2.095520E-02,2.262697E-02,
2.429875E-02,2.597052E-02,2.764230E-02,2.931407E-02,3.098585E-02,
3.265762E-02,3.432940E-02,3.600117E-02,3.767295E-02,3.934473E-02,
4.102867E-02,4.296310E-02,4.489752E-02,4.691634E-02,4.818001E-02,
4.944368E-02,5.191917E-02,5.356640E-02,5.521363E-02,5.686085E-02,
5.850808E-02,6.015531E-02,6.180255E-02,6.352666E-02,6.525077E-02,
6.697488E-02,6.869899E-02,7.042311E-02,7.214722E-02,7.387133E-02,
7.559544E-02,7.731955E-02,7.904368E-02,8.073150E-02,8.241933E-02,
8.410715E-02,8.579497E-02,8.748279E-02,8.926850E-02,9.105422E-02,
9.283993E-02,9.462564E-02,9.641137E-02,9.812844E-02,9.984550E-02,
1.015626E-01,1.036173E-01,1.056720E-01,1.071934E-01,1.087147E-01,
1.102360E-01,1.117574E-01,1.134733E-01,1.151891E-01,1.169050E-01,
1.184900E-01,1.200750E-01,1.216601E-01,1.232451E-01,1.248551E-01,
1.264651E-01,1.280750E-01,1.296850E-01,1.312950E-01,1.333691E-01,
1.350105E-01,1.366520E-01,1.382934E-01,1.399349E-01,1.415763E-01,
1.432178E-01,1.448593E-01,1.465007E-01,1.481422E-01,1.497836E-01,
1.514251E-01,1.530665E-01,1.547080E-01,1.563494E-01,1.579909E-01,
1.596323E-01,1.612738E-01,1.629152E-01,1.645567E-01,1.661981E-01,
1.678396E-01,1.694811E-01,1.711225E-01,1.727640E-01,1.744054E-01,
1.760469E-01,1.776883E-01,1.793298E-01,1.809712E-01,1.826127E-01,
1.842541E-01,1.859177E-01,1.875813E-01,1.892450E-01,1.909086E-01,
1.925722E-01,1.942359E-01,1.958995E-01,1.975631E-01,1.992268E-01,
2.008904E-01,2.025540E-01,2.042177E-01,2.058813E-01,2.075449E-01,
2.092086E-01,2.108722E-01,2.125358E-01,2.141994E-01,2.158631E-01,
2.175267E-01,2.191903E-01,2.208540E-01,2.225176E-01,2.241812E-01,
2.258449E-01,2.275085E-01,2.291721E-01,2.308358E-01,2.324994E-01,
2.341630E-01,2.358267E-01,2.374903E-01,2.391539E-01,2.408176E-01,
2.424812E-01,2.441448E-01,2.458085E-01,2.474721E-01,2.491357E-01,
2.507993E-01,2.524630E-01,2.541266E-01,2.557902E-01,2.574539E-01,
2.591175E-01,2.607811E-01,2.624448E-01,2.641084E-01,2.657720E-01,
2.674357E-01,2.690993E-01,2.707629E-01,2.724266E-01,2.740902E-01,
2.757538E-01,2.774175E-01,2.790811E-01,2.807447E-01,2.824084E-01,
2.840720E-01,2.857356E-01,2.873992E-01,2.890629E-01,2.907265E-01,
2.923899E-01,2.940344E-01,2.956790E-01,2.973236E-01,2.989681E-01,
3.006127E-01,3.022572E-01,3.039018E-01,3.054270E-01,3.069523E-01,
3.084775E-01,3.102085E-01,3.119395E-01,3.139958E-01,3.160520E-01,
3.178473E-01,3.196777E-01,3.215081E-01,3.233386E-01,3.251690E-01,
3.269995E-01,3.284879E-01,3.299762E-01,3.314646E-01,3.329529E-01,
3.352891E-01,3.367712E-01,3.382533E-01,3.398899E-01,3.415266E-01,
3.431632E-01,3.447999E-01,3.464365E-01,3.480732E-01,3.498502E-01,
3.516272E-01,3.532168E-01,3.548065E-01,3.563962E-01,3.579921E-01,
3.595880E-01,3.611839E-01,3.627798E-01,3.643757E-01,3.666309E-01,
3.687050E-01,3.703477E-01,3.719905E-01,3.736332E-01,3.752759E-01,
3.769187E-01,3.785614E-01,3.802041E-01,3.818469E-01,3.834458E-01,
3.850448E-01,3.866437E-01,3.882426E-01,3.898531E-01,3.914636E-01,
3.930740E-01,3.946846E-01,3.965610E-01,3.984374E-01,4.007883E-01,
4.026564E-01,4.042998E-01,4.059433E-01,4.075868E-01,4.092302E-01,
4.108737E-01,4.125172E-01,4.142050E-01,4.158929E-01,4.175807E-01,
4.192685E-01,4.209563E-01,4.226804E-01,4.244045E-01,4.261286E-01,
4.278528E-01,4.295769E-01,4.313010E-01,4.330251E-01,4.347492E-01,
4.364733E-01,4.381975E-01,4.397300E-01,4.412626E-01,4.428741E-01,
4.444857E-01,4.460766E-01,4.476676E-01,4.491119E-01,4.505563E-01,
4.518199E-01,4.530836E-01,4.545556E-01,4.560275E-01,4.574994E-01,
4.589713E-01,4.606553E-01,4.623124E-01,4.639696E-01,4.656268E-01,
4.672840E-01,4.689412E-01,4.705984E-01,4.722556E-01,4.739128E-01,
4.755700E-01,4.772271E-01,4.788843E-01,4.805417E-01,4.823883E-01,
4.840388E-01,4.856892E-01,4.873396E-01,4.889900E-01,4.906404E-01,
4.922908E-01,4.938327E-01,4.953745E-01,4.969164E-01,4.984582E-01,
5.000000E-01,5.016011E-01,5.032021E-01,5.048032E-01,5.064043E-01,
5.080054E-01,5.096064E-01,5.112075E-01,5.128086E-01,5.144096E-01,
5.160107E-01,5.176117E-01,5.194583E-01,5.211155E-01,5.227726E-01,
5.244298E-01,5.260870E-01,5.277442E-01,5.294014E-01,5.310586E-01,
5.327158E-01,5.343730E-01,5.360302E-01,5.376873E-01,5.393447E-01,
5.410287E-01,5.427430E-01,5.444572E-01,5.461715E-01,5.478076E-01,
5.494436E-01,5.511249E-01,5.528062E-01,5.544874E-01,5.561687E-01,
5.578500E-01,5.595312E-01,5.612125E-01,5.628938E-01,5.645750E-01,
5.662563E-01,5.679376E-01,5.696188E-01,5.713001E-01,5.729813E-01,
5.746626E-01,5.763439E-01,5.780251E-01,5.797064E-01,5.813877E-01,
5.830689E-01,5.847502E-01,5.864315E-01,5.881127E-01,5.897940E-01,
5.914753E-01,5.931565E-01,5.948378E-01,5.965190E-01,5.982003E-01,
5.998816E-01,6.015625E-01,6.032672E-01,6.049719E-01,6.066767E-01,
6.083814E-01,6.100861E-01,6.117908E-01,6.134955E-01,6.152002E-01,
6.169050E-01,6.185039E-01,6.201028E-01,6.217017E-01,6.233006E-01,
6.248995E-01,6.264985E-01,6.280974E-01,6.296963E-01,6.312950E-01,
6.333691E-01,6.349863E-01,6.366036E-01,6.382209E-01,6.398381E-01,
6.414554E-01,6.430726E-01,6.446899E-01,6.463072E-01,6.479244E-01,
6.495417E-01,6.511589E-01,6.527762E-01,6.543933E-01,6.560725E-01,
6.577518E-01,6.594310E-01,6.611102E-01,6.627895E-01,6.644687E-01,
6.661479E-01,6.678271E-01,6.695064E-01,6.711856E-01,6.728648E-01,
6.745441E-01,6.762233E-01,6.779025E-01,6.795817E-01,6.812610E-01,
6.829402E-01,6.846194E-01,6.862987E-01,6.879779E-01,6.896571E-01,
6.913364E-01,6.930156E-01,6.946948E-01,6.963740E-01,6.980533E-01,
6.997320E-01,7.015746E-01,7.034173E-01,7.051749E-01,7.069326E-01,
7.086902E-01,7.104478E-01,7.121571E-01,7.138390E-01,7.155210E-01,
7.172029E-01,7.188849E-01,7.205668E-01,7.222488E-01,7.239307E-01,
7.256126E-01,7.272946E-01,7.289765E-01,7.306585E-01,7.323404E-01,
7.340224E-01,7.357043E-01,7.373862E-01,7.390682E-01,7.407501E-01,
7.424321E-01,7.441140E-01,7.457959E-01,7.474779E-01,7.491598E-01,
7.508418E-01,7.525237E-01,7.542057E-01,7.558876E-01,7.575695E-01,
7.592515E-01,7.609334E-01,7.626154E-01,7.642973E-01,7.659793E-01,
7.676612E-01,7.693431E-01,7.710251E-01,7.727070E-01,7.743890E-01,
7.760709E-01,7.777529E-01,7.794348E-01,7.811167E-01,7.827987E-01,
7.844806E-01,7.861626E-01,7.878429E-01,7.895909E-01,7.913389E-01,
7.930868E-01,7.948348E-01,7.965827E-01,7.984254E-01,8.002680E-01,
8.019878E-01,8.037075E-01,8.054273E-01,8.071470E-01,8.088668E-01,
8.105865E-01,8.123063E-01,8.140260E-01,8.157459E-01,8.174049E-01,
8.190638E-01,8.207228E-01,8.223818E-01,8.240407E-01,8.256997E-01,
8.273587E-01,8.290176E-01,8.306766E-01,8.323356E-01,8.339945E-01,
8.356535E-01,8.373125E-01,8.389715E-01,8.406304E-01,8.422894E-01,
8.439484E-01,8.456067E-01,8.472239E-01,8.488412E-01,8.504584E-01,
8.520757E-01,8.536930E-01,8.553102E-01,8.569275E-01,8.585448E-01,
8.601620E-01,8.617793E-01,8.633965E-01,8.650138E-01,8.666309E-01,
8.687050E-01,8.703150E-01,8.719249E-01,8.735349E-01,8.751449E-01,
8.767549E-01,8.783400E-01,8.799250E-01,8.815101E-01,8.830950E-01,
8.846998E-01,8.863045E-01,8.879092E-01,8.895139E-01,8.911186E-01,
8.927233E-01,8.943280E-01,8.963826E-01,8.984374E-01,9.001545E-01,
9.018715E-01,9.035886E-01,9.052173E-01,9.068460E-01,9.084747E-01,
9.101034E-01,9.117322E-01,9.133730E-01,9.150137E-01,9.166545E-01,
9.182952E-01,9.199359E-01,9.215767E-01,9.232174E-01,9.248582E-01,
9.264989E-01,9.281397E-01,9.297804E-01,9.314212E-01,9.330619E-01,
9.347026E-01,9.363434E-01,9.379841E-01,9.396249E-01,9.412656E-01,
9.429064E-01,9.445471E-01,9.461878E-01,9.478286E-01,9.494688E-01,
9.512762E-01,9.530836E-01,9.545556E-01,9.560276E-01,9.574995E-01,
9.589713E-01,9.606553E-01,9.622596E-01,9.638639E-01,9.654682E-01,
9.670725E-01,9.686768E-01,9.702810E-01,9.718853E-01,9.734896E-01,
9.750939E-01,9.766982E-01,9.783025E-01,9.799068E-01,9.815109E-01,
9.839160E-01,9.855910E-01,9.872659E-01,9.889409E-01,9.906159E-01,
9.922909E-01,9.938327E-01,9.953746E-01,9.969164E-01,9.984582E-01,
1.000000E+00])
b=b*2*np.pi
c=np.array([0.000000E+00,1.972235E+01,3.944471E+01,5.916706E+01,7.888941E+01,
9.861176E+01,1.183341E+02,1.380565E+02,1.577788E+02,1.775012E+02,
1.972235E+02,2.169459E+02,2.366682E+02,2.563906E+02,2.761129E+02,
2.958353E+02,3.155576E+02,3.352800E+02,3.556425E+02,3.760050E+02,
3.963675E+02,4.167300E+02,4.240467E+02,4.313633E+02,4.386800E+02,
4.468737E+02,4.550674E+02,4.632611E+02,4.714548E+02,4.796485E+02,
4.878422E+02,4.960359E+02,5.042296E+02,5.124232E+02,5.206169E+02,
5.288105E+02,5.370042E+02,5.451979E+02,5.533915E+02,5.615852E+02,
5.697789E+02,5.779725E+02,5.861662E+02,5.943600E+02,6.022520E+02,
6.101440E+02,6.180361E+02,6.259281E+02,6.338201E+02,6.417122E+02,
6.496042E+02,6.574962E+02,6.653882E+02,6.732800E+02,6.795400E+02,
6.858000E+02,6.938911E+02,7.019822E+02,7.100734E+02,7.181645E+02,
7.262556E+02,7.343467E+02,7.424379E+02,7.505290E+02,7.586200E+02,
7.668878E+02,7.751555E+02,7.834233E+02,7.916910E+02,7.999588E+02,
8.082266E+02,8.164943E+02,8.247621E+02,8.330300E+02,8.407400E+02,
8.486454E+02,8.565509E+02,8.644564E+02,8.723618E+02,8.802673E+02,
8.881727E+02,8.960782E+02,9.039836E+02,9.118891E+02,9.197946E+02,
9.277000E+02,9.356055E+02,9.435109E+02,9.514164E+02,9.593218E+02,
9.672273E+02,9.751328E+02,9.830382E+02,9.909437E+02,9.988491E+02,
1.006755E+03,1.014660E+03,1.022103E+03,1.029546E+03,1.036989E+03,
1.044431E+03,1.051874E+03,1.059317E+03,1.066760E+03,1.075070E+03,
1.083380E+03,1.091690E+03,1.100000E+03,1.107590E+03,1.115180E+03,
1.122770E+03,1.130360E+03,1.137950E+03,1.145540E+03,1.153222E+03,
1.160905E+03,1.168587E+03,1.176269E+03,1.183951E+03,1.191634E+03,
1.199316E+03,1.206998E+03,1.214680E+03,1.224931E+03,1.233181E+03,
1.241431E+03,1.249680E+03,1.257930E+03,1.266179E+03,1.274429E+03,
1.284680E+03,1.295400E+03,1.300490E+03,1.308109E+03,1.315728E+03,
1.323346E+03,1.330965E+03,1.338584E+03,1.346203E+03,1.353821E+03,
1.361440E+03,1.368682E+03,1.375924E+03,1.383165E+03,1.390407E+03,
1.397649E+03,1.405899E+03,1.414148E+03,1.422398E+03,1.434772E+03,
1.447147E+03,1.457450E+03,1.467754E+03,1.478058E+03,1.488362E+03,
1.498665E+03,1.508969E+03,1.519273E+03,1.529576E+03,1.539880E+03,
1.550855E+03,1.561830E+03,1.571511E+03,1.581193E+03,1.590874E+03,
1.600555E+03,1.610236E+03,1.619918E+03,1.629599E+03,1.639280E+03,
1.649271E+03,1.659263E+03,1.669254E+03,1.679245E+03,1.689237E+03,
1.699228E+03,1.709219E+03,1.719211E+03,1.729202E+03,1.739193E+03,
1.749185E+03,1.759176E+03,1.769167E+03,1.779159E+03,1.789150E+03,
1.799141E+03,1.809133E+03,1.819124E+03,1.829115E+03,1.839107E+03,
1.849098E+03,1.859089E+03,1.869080E+03,1.879312E+03,1.889545E+03,
1.899778E+03,1.910010E+03,1.920243E+03,1.930475E+03,1.940708E+03,
1.950940E+03,1.961173E+03,1.971405E+03,1.981638E+03,1.991870E+03,
2.002103E+03,2.012336E+03,2.022568E+03,2.032801E+03,2.043033E+03,
2.053266E+03,2.063498E+03,2.073730E+03,2.084040E+03,2.094350E+03,
2.104660E+03,2.114970E+03,2.125280E+03,2.135590E+03,2.145900E+03,
2.156210E+03,2.166521E+03,2.176831E+03,2.187141E+03,2.197451E+03,
2.207761E+03,2.218071E+03,2.228380E+03,2.245047E+03,2.261713E+03,
2.278380E+03,2.297620E+03,2.316860E+03,2.336100E+03,2.355340E+03,
2.374580E+03,2.393820E+03,2.413060E+03,2.432300E+03,2.451377E+03,
2.470455E+03,2.489533E+03,2.508610E+03,2.528511E+03,2.548411E+03,
2.568312E+03,2.588213E+03,2.608113E+03,2.628014E+03,2.647915E+03,
2.667815E+03,2.687716E+03,2.707616E+03,2.727517E+03,2.747418E+03,
2.767318E+03,2.787219E+03,2.807120E+03,2.827020E+03,2.847963E+03,
2.868907E+03,2.889850E+03,2.910793E+03,2.931737E+03,2.952680E+03,
2.972377E+03,2.992075E+03,3.011772E+03,3.031470E+03,3.051167E+03,
3.070865E+03,3.090562E+03,3.110260E+03,3.129958E+03,3.149655E+03,
3.169353E+03,3.189050E+03,3.208748E+03,3.228445E+03,3.248143E+03,
3.267840E+03,3.287538E+03,3.307235E+03,3.326933E+03,3.346630E+03,
3.366328E+03,3.386025E+03,3.405723E+03,3.425420E+03,3.445120E+03,
3.455120E+03,3.492629E+03,3.530137E+03,3.567646E+03,3.605154E+03,
3.642663E+03,3.680171E+03,3.717680E+03,3.752680E+03,3.787680E+03,
3.828018E+03,3.868356E+03,3.908694E+03,3.949031E+03,3.989369E+03,
4.029707E+03,4.070045E+03,4.110383E+03,4.150721E+03,4.191059E+03,
4.231396E+03,4.271734E+03,4.312072E+03,4.352410E+03,4.392748E+03,
4.433086E+03,4.473424E+03,4.513762E+03,4.554100E+03,4.594438E+03,
4.634775E+03,4.675113E+03,4.715451E+03,4.755789E+03,4.796127E+03,
4.836465E+03,4.876800E+03,4.893099E+03,4.909397E+03,4.925696E+03,
4.941995E+03,4.958294E+03,4.974593E+03,4.990892E+03,5.007190E+03,
5.023489E+03,5.039788E+03,5.056087E+03,5.072386E+03,5.088685E+03,
5.104983E+03,5.121280E+03,5.137060E+03,5.152839E+03,5.168619E+03,
5.184399E+03,5.200179E+03,5.215958E+03,5.231738E+03,5.247518E+03,
5.263298E+03,5.279078E+03,5.294857E+03,5.310637E+03,5.326417E+03,
5.342197E+03,5.357977E+03,5.373756E+03,5.389536E+03,5.405316E+03,
5.421096E+03,5.436875E+03,5.452655E+03,5.468435E+03,5.484215E+03,
5.500000E+03,5.515996E+03,5.531992E+03,5.547988E+03,5.563984E+03,
5.579980E+03,5.595977E+03,5.611973E+03,5.627969E+03,5.643965E+03,
5.659961E+03,5.675957E+03,5.691953E+03,5.707949E+03,5.723945E+03,
5.739941E+03,5.755938E+03,5.771934E+03,5.787930E+03,5.803926E+03,
5.819922E+03,5.835918E+03,5.851914E+03,5.867910E+03,5.883906E+03,
5.899902E+03,5.915898E+03,5.931895E+03,5.947891E+03,5.963887E+03,
5.979883E+03,5.995879E+03,6.011875E+03,6.027871E+03,6.043867E+03,
6.059863E+03,6.075859E+03,6.091855E+03,6.107852E+03,6.123848E+03,
6.139844E+03,6.155840E+03,6.171836E+03,6.187832E+03,6.203828E+03,
6.219824E+03,6.235820E+03,6.251816E+03,6.267812E+03,6.283809E+03,
6.299805E+03,6.315801E+03,6.331797E+03,6.347793E+03,6.363789E+03,
6.379785E+03,6.395781E+03,6.411777E+03,6.427773E+03,6.443770E+03,
6.448270E+03,6.468278E+03,6.488286E+03,6.508293E+03,6.528301E+03,
6.548309E+03,6.568317E+03,6.588325E+03,6.608333E+03,6.628340E+03,
6.648348E+03,6.668356E+03,6.688364E+03,6.708372E+03,6.728379E+03,
6.748387E+03,6.768395E+03,6.788403E+03,6.808411E+03,6.828418E+03,
6.848426E+03,6.868434E+03,6.888442E+03,6.908450E+03,6.928458E+03,
6.948465E+03,6.968473E+03,6.988481E+03,7.008489E+03,7.028497E+03,
7.048500E+03,7.064369E+03,7.080237E+03,7.096106E+03,7.111975E+03,
7.127843E+03,7.143712E+03,7.159581E+03,7.175449E+03,7.191318E+03,
7.207187E+03,7.223055E+03,7.238924E+03,7.254792E+03,7.270661E+03,
7.286530E+03,7.302398E+03,7.318267E+03,7.334136E+03,7.350004E+03,
7.365873E+03,7.381742E+03,7.397610E+03,7.413479E+03,7.429348E+03,
7.445220E+03,7.461413E+03,7.477605E+03,7.493797E+03,7.509990E+03,
7.526182E+03,7.542375E+03,7.558567E+03,7.574760E+03,7.590857E+03,
7.606954E+03,7.623051E+03,7.639148E+03,7.655246E+03,7.671343E+03,
7.687440E+03,7.703537E+03,7.719634E+03,7.735731E+03,7.751829E+03,
7.767926E+03,7.784023E+03,7.800120E+03,7.816217E+03,7.832314E+03,
7.848412E+03,7.864509E+03,7.880606E+03,7.896703E+03,7.912800E+03,
7.928897E+03,7.944995E+03,7.961092E+03,7.977189E+03,7.993286E+03,
8.009383E+03,8.025480E+03,8.041578E+03,8.057675E+03,8.073772E+03,
8.089869E+03,8.105966E+03,8.122063E+03,8.138160E+03,8.145780E+03,
8.153400E+03,8.161021E+03,8.168641E+03,8.176260E+03])
print(a.size)
r= np.zeros((411,601,529))
theta=np.zeros((411,601,529))
z=np.zeros((411,601,529))
for k in range(529):
    for j in range(601):
        for i in range(411):
            r[i,j,k]=a[i]
for k in range(529):
    for i in range(411):
        for j in range(601):
            theta[i,j,k]=b[j]
for j in range(601):
    for i in range(411):
        for k in range(529):
            z[i,j,k]=c[k]
x = r*np.cos(theta)
y = r*np.sin(theta)
sphere=np.empty((411,601,529))
sphere = x+y < 2431*3
fig = plt.figure()
ax = fig.gca(projection='3d')
ax.voxels(x,y,z,sphere,linewidth=0.5)

plt.show()
